pop rep mig tem esp abund1 abund2 
400 1 6.92412e-310 0 1 200 200 
400 1 0.323333 10 1 200 200 
400 1 0.323333 20 1 200 200 
400 1 0 30 1 200 200 
400 1 0 40 1 200 200 
400 1 0 50 1 200 200 
400 1 0 60 1 200 200 
400 1 0 70 1 200 200 
400 1 0 80 1 200 200 
400 1 0 90 1 200 200 
400 1 0 100 1 200 200 
400 1 0 110 1 200 200 
400 1 0 120 1 200 200 
400 1 0 130 1 200 200 
400 1 0 140 1 200 200 
400 1 0 150 1 200 200 
400 1 0 160 1 200 200 
400 1 0 170 1 200 0 
400 1 0 170 2 0 200 
400 1 0 180 1 200 0 
400 1 0 180 2 0 200 
400 1 0 190 1 200 0 
400 1 0 190 2 0 199 
400 1 0 190 3 0 1 
400 1 0.323333 200 1 83 116 
400 1 0.323333 200 2 117 84 
400 1 0.323333 210 1 74 92 
400 1 0.323333 210 2 126 108 
400 1 0 220 1 58 57 
400 1 0 220 2 142 143 
400 1 0 230 1 57 75 
400 1 0 230 2 143 125 
400 1 0 240 4 52 0 
400 1 0 240 1 0 73 
400 1 0 240 2 148 127 
400 1 0 250 1 0 57 
400 1 0 250 2 149 143 
400 1 0 250 4 51 0 
400 1 0 260 1 0 58 
400 1 0 260 2 124 104 
400 1 0 260 5 0 16 
400 1 0 260 6 0 22 
400 1 0 260 4 76 0 
400 1 0 270 1 0 57 
400 1 0 270 2 140 0 
400 1 0 270 7 0 125 
400 1 0 270 4 60 0 
400 1 0 270 5 0 4 
400 1 0 270 6 0 14 
400 1 0 280 1 0 38 
400 1 0 280 2 92 0 
400 1 0 280 4 108 0 
400 1 0 280 5 0 12 
400 1 0 280 6 0 2 
400 1 0 280 2 0 114 
400 1 0 280 8 0 34 
400 1 0 290 1 0 48 
400 1 0 290 2 135 0 
400 1 0 290 9 0 113 
400 1 0 290 4 65 0 
400 1 0 290 5 0 13 
400 1 0 290 8 0 26 
400 1 0 300 1 0 63 
400 1 0 300 2 111 0 
400 1 0 300 4 89 0 
400 1 0 300 5 0 7 
400 1 0 300 8 0 33 
400 1 0 300 9 0 97 
400 1 0 310 1 0 46 
400 1 0 310 2 153 0 
400 1 0 310 4 47 0 
400 1 0 310 8 0 4 
400 1 0 310 9 0 150 
400 1 0 320 1 0 55 
400 1 0 320 2 126 0 
400 1 0 320 10 2 0 
400 1 0 320 4 50 0 
400 1 0 320 11 22 0 
400 1 0 320 9 0 145 
400 1 0 330 1 0 68 
400 1 0 330 2 160 0 
400 1 0 330 4 27 0 
400 1 0 330 12 4 0 
400 1 0 330 9 0 129 
400 1 0 330 13 0 3 
400 1 0 330 11 9 0 
400 1 0.323333 340 1 21 32 
400 1 0.323333 340 2 86 69 
400 1 0.323333 340 4 13 9 
400 1 0.323333 340 9 71 75 
400 1 0.323333 340 11 8 11 
400 1 0.323333 340 12 1 4 
400 1 0 350 14 19 0 
400 1 0 350 1 0 41 
400 1 0 350 2 93 26 
400 1 0 350 4 15 0 
400 1 0 350 15 0 4 
400 1 0 350 9 60 129 
400 1 0 350 11 13 0 
400 1 0 360 1 18 9 
400 1 0 360 2 74 65 
400 1 0 360 4 9 12 
400 1 0 360 9 95 91 
400 1 0 360 16 1 0 
400 1 0 360 14 3 23 
400 1 0.323333 370 1 17 6 
400 1 0.323333 370 17 10 8 
400 1 0.323333 370 2 77 95 
400 1 0.323333 370 4 4 6 
400 1 0.323333 370 9 83 77 
400 1 0.323333 370 14 9 8 
400 1 0.323333 380 1 20 11 
400 1 0.323333 380 2 86 91 
400 1 0.323333 380 9 63 88 
400 1 0.323333 380 14 18 5 
400 1 0.323333 380 17 13 5 
400 1 0.323333 390 1 30 23 
400 1 0.323333 390 2 101 104 
400 1 0.323333 390 9 60 65 
400 1 0.323333 390 14 9 4 
400 1 0.323333 390 17 0 4 
400 1 0.323333 400 1 32 40 
400 1 0.323333 400 2 110 111 
400 1 0.323333 400 9 46 45 
400 1 0.323333 400 14 12 4 
400 1 0.323333 410 1 18 17 
400 1 0.323333 410 2 124 113 
400 1 0.323333 410 9 48 69 
400 1 0.323333 410 14 10 1 
400 1 0.323333 420 1 24 17 
400 1 0.323333 420 2 127 133 
400 1 0.323333 420 9 44 50 
400 1 0.323333 420 14 5 0 
400 1 0.323333 430 1 17 11 
400 1 0.323333 430 2 140 133 
400 1 0.323333 430 9 43 56 
400 1 0.323333 440 1 20 25 
400 1 0.323333 440 2 130 130 
400 1 0.323333 440 9 41 33 
400 1 0.323333 440 18 9 12 
400 1 0 450 1 14 5 
400 1 0 450 2 153 120 
400 1 0 450 9 24 59 
400 1 0 450 18 9 16 
400 1 0 460 1 17 0 
400 1 0 460 2 154 137 
400 1 0 460 19 14 0 
400 1 0 460 9 0 52 
400 1 0 460 20 0 8 
400 1 0 460 18 15 0 
400 1 0 460 21 0 3 
400 1 0 470 1 14 0 
400 1 0 470 2 150 129 
400 1 0 470 9 0 19 
400 1 0 470 22 0 10 
400 1 0 470 23 0 18 
400 1 0 470 18 33 0 
400 1 0 470 19 3 0 
400 1 0 470 20 0 24 
400 1 0 480 1 24 0 
400 1 0 480 2 132 117 
400 1 0 480 9 0 38 
400 1 0 480 18 38 0 
400 1 0 480 19 6 0 
400 1 0 480 20 0 12 
400 1 0 480 22 0 25 
400 1 0 480 23 0 8 
400 1 0 490 1 22 0 
400 1 0 490 2 158 84 
400 1 0 490 9 0 44 
400 1 0 490 18 20 0 
400 1 0 490 22 0 45 
400 1 0 490 23 0 27 
400 1 0 500 1 30 0 
400 1 0 500 24 140 0 
400 1 0 500 2 0 151 
400 1 0 500 9 0 14 
400 1 0 500 18 30 0 
400 1 0 500 22 0 24 
400 1 0 500 23 0 11 
400 1 0 510 1 36 0 
400 1 0 510 2 0 150 
400 1 0 510 9 0 30 
400 1 0 510 18 27 0 
400 1 0 510 22 0 20 
400 1 0 510 24 137 0 
400 1 0 520 2 0 148 
400 1 0 520 9 0 22 
400 1 0 520 18 11 0 
400 1 0 520 22 0 30 
400 1 0 520 24 178 0 
400 1 0 520 25 11 0 
400 1 0 530 2 0 132 
400 1 0 530 9 0 38 
400 1 0 530 18 38 0 
400 1 0 530 22 0 30 
400 1 0 530 24 162 0 
400 1 0 540 2 0 115 
400 1 0 540 26 0 1 
400 1 0 540 9 0 29 
400 1 0 540 18 69 0 
400 1 0 540 22 0 55 
400 1 0 540 24 131 0 
400 1 0 550 2 0 137 
400 1 0 550 9 0 30 
400 1 0 550 18 57 0 
400 1 0 550 22 0 33 
400 1 0 550 24 143 0 
400 1 0 560 2 0 130 
400 1 0 560 9 0 6 
400 1 0 560 18 58 0 
400 1 0 560 22 0 64 
400 1 0 560 24 142 0 
400 1 0 570 2 0 126 
400 1 0 570 9 0 8 
400 1 0 570 18 61 0 
400 1 0 570 22 0 66 
400 1 0 570 24 139 0 
400 1 0 580 2 0 147 
400 1 0 580 9 0 8 
400 1 0 580 18 45 0 
400 1 0 580 27 4 0 
400 1 0 580 22 0 45 
400 1 0 580 24 151 0 
400 1 0 590 2 0 152 
400 1 0 590 9 0 3 
400 1 0 590 18 51 0 
400 1 0 590 22 0 45 
400 1 0 590 24 149 0 
400 1 0 600 2 0 141 
400 1 0 600 9 0 6 
400 1 0 600 18 35 0 
400 1 0 600 22 0 53 
400 1 0 600 24 165 0 
400 1 0 610 2 0 155 
400 1 0 610 9 0 7 
400 1 0 610 18 12 0 
400 1 0 610 22 0 38 
400 1 0 610 24 188 0 
400 1 0 620 2 0 151 
400 1 0 620 9 0 2 
400 1 0 620 18 30 0 
400 1 0 620 28 0 11 
400 1 0 620 22 0 36 
400 1 0 620 24 170 0 
400 1 0 630 2 0 162 
400 1 0 630 18 31 0 
400 1 0 630 22 0 16 
400 1 0 630 24 169 0 
400 1 0 630 28 0 22 
400 1 0 640 2 0 138 
400 1 0 640 18 33 0 
400 1 0 640 22 0 29 
400 1 0 640 24 167 0 
400 1 0 640 28 0 33 
400 1 0 650 2 0 134 
400 1 0 650 18 27 0 
400 1 0 650 22 0 26 
400 1 0 650 24 173 0 
400 1 0 650 28 0 40 
400 1 0 660 2 0 104 
400 1 0 660 18 50 0 
400 1 0 660 22 0 47 
400 1 0 660 24 150 0 
400 1 0 660 28 0 49 
400 1 0 670 2 0 103 
400 1 0 670 29 0 1 
400 1 0 670 18 49 0 
400 1 0 670 22 0 53 
400 1 0 670 24 151 0 
400 1 0 670 28 0 43 
400 1 0 680 2 0 81 
400 1 0 680 18 48 0 
400 1 0 680 22 0 85 
400 1 0 680 24 152 0 
400 1 0 680 28 0 34 
400 1 0 690 2 0 72 
400 1 0 690 18 64 0 
400 1 0 690 22 0 92 
400 1 0 690 24 136 0 
400 1 0 690 28 0 36 
400 1 0 700 2 0 70 
400 1 0 700 18 78 0 
400 1 0 700 22 0 119 
400 1 0 700 24 122 0 
400 1 0 700 28 0 11 
400 1 0 710 2 0 80 
400 1 0 710 18 87 0 
400 1 0 710 22 0 85 
400 1 0 710 30 0 35 
400 1 0 710 24 113 0 
400 1 0 720 2 0 117 
400 1 0 720 18 111 0 
400 1 0 720 22 0 74 
400 1 0 720 24 89 0 
400 1 0 720 30 0 9 
400 1 0 730 2 0 128 
400 1 0 730 31 0 19 
400 1 0 730 18 76 0 
400 1 0 730 22 0 39 
400 1 0 730 24 124 0 
400 1 0 730 30 0 14 
400 1 0 740 2 0 86 
400 1 0 740 32 0 29 
400 1 0 740 33 0 1 
400 1 0 740 18 52 0 
400 1 0 740 34 15 0 
400 1 0 740 22 0 28 
400 1 0 740 24 133 0 
400 1 0 740 30 0 17 
400 1 0 740 31 0 39 
400 1 0 750 2 0 78 
400 1 0 750 18 49 0 
400 1 0 750 22 0 31 
400 1 0 750 24 108 0 
400 1 0 750 30 0 22 
400 1 0 750 31 0 28 
400 1 0 750 32 0 41 
400 1 0 750 34 43 0 
400 1 0 760 2 0 74 
400 1 0 760 18 72 0 
400 1 0 760 22 0 24 
400 1 0 760 24 103 0 
400 1 0 760 30 0 44 
400 1 0 760 31 0 14 
400 1 0 760 32 0 44 
400 1 0 760 34 25 0 
400 1 0 770 2 0 69 
400 1 0 770 18 76 0 
400 1 0 770 22 0 31 
400 1 0 770 24 109 0 
400 1 0 770 30 0 36 
400 1 0 770 31 0 26 
400 1 0 770 32 0 38 
400 1 0 770 34 15 0 
400 1 0 780 2 0 92 
400 1 0 780 18 46 0 
400 1 0 780 35 8 0 
400 1 0 780 22 0 22 
400 1 0 780 24 86 0 
400 1 0 780 30 0 27 
400 1 0 780 31 0 17 
400 1 0 780 32 0 42 
400 1 0 780 34 60 0 
400 1 0 790 2 0 97 
400 1 0 790 18 53 0 
400 1 0 790 24 61 0 
400 1 0 790 36 1 0 
400 1 0 790 30 0 45 
400 1 0 790 31 0 35 
400 1 0 790 32 0 23 
400 1 0 790 34 81 0 
400 1 0 790 35 4 0 
400 1 0 800 2 0 86 
400 1 0 800 18 65 0 
400 1 0 800 24 23 0 
400 1 0 800 37 13 0 
400 1 0 800 30 0 6 
400 1 0 800 31 0 57 
400 1 0 800 32 0 51 
400 1 0 800 34 99 0 
400 1 0 810 2 0 102 
400 1 0 810 18 37 0 
400 1 0 810 24 7 0 
400 1 0 810 30 0 12 
400 1 0 810 31 0 50 
400 1 0 810 32 0 36 
400 1 0 810 34 136 0 
400 1 0 810 37 20 0 
400 1 0 820 2 0 84 
400 1 0 820 38 0 13 
400 1 0 820 18 46 0 
400 1 0 820 30 0 20 
400 1 0 820 31 0 75 
400 1 0 820 32 0 8 
400 1 0 820 34 148 0 
400 1 0 820 37 6 0 
400 1 0 830 2 0 117 
400 1 0 830 18 22 0 
400 1 0 830 39 16 0 
400 1 0 830 40 2 0 
400 1 0 830 31 0 61 
400 1 0 830 34 160 0 
400 1 0 830 38 0 22 
400 1 0 840 2 0 111 
400 1 0 840 18 9 0 
400 1 0 840 31 0 43 
400 1 0 840 34 155 0 
400 1 0 840 38 0 46 
400 1 0 840 39 36 0 
400 1 0.323333 850 2 56 72 
400 1 0.323333 850 18 4 15 
400 1 0.323333 850 31 32 19 
400 1 0.323333 850 34 73 72 
400 1 0.323333 850 38 21 14 
400 1 0.323333 850 39 14 8 
400 1 0.323333 860 2 69 70 
400 1 0.323333 860 18 10 20 
400 1 0.323333 860 31 34 34 
400 1 0.323333 860 34 39 44 
400 1 0.323333 860 38 25 25 
400 1 0.323333 860 39 23 7 
400 1 0.323333 870 2 44 75 
400 1 0.323333 870 18 13 11 
400 1 0.323333 870 31 26 23 
400 1 0.323333 870 34 46 46 
400 1 0.323333 870 38 54 31 
400 1 0.323333 870 39 17 14 
400 1 0.323333 880 2 85 57 
400 1 0.323333 880 18 11 10 
400 1 0.323333 880 31 16 16 
400 1 0.323333 880 34 21 28 
400 1 0.323333 880 38 32 38 
400 1 0.323333 880 41 14 14 
400 1 0.323333 880 42 4 4 
400 1 0.323333 880 39 17 33 
400 1 0.323333 890 2 68 86 
400 1 0.323333 890 18 12 12 
400 1 0.323333 890 31 38 9 
400 1 0.323333 890 34 32 38 
400 1 0.323333 890 38 25 31 
400 1 0.323333 890 39 22 19 
400 1 0.323333 890 41 3 5 
400 1 0.323333 900 2 93 103 
400 1 0.323333 900 18 3 5 
400 1 0.323333 900 31 12 17 
400 1 0.323333 900 34 19 21 
400 1 0.323333 900 38 23 18 
400 1 0.323333 900 39 48 32 
400 1 0.323333 900 41 2 4 
400 1 0.323333 910 2 96 105 
400 1 0.323333 910 31 23 9 
400 1 0.323333 910 34 32 27 
400 1 0.323333 910 38 0 3 
400 1 0.323333 910 43 0 3 
400 1 0.323333 910 39 49 53 
400 1 0.323333 920 2 120 141 
400 1 0.323333 920 31 16 9 
400 1 0.323333 920 34 20 12 
400 1 0.323333 920 44 3 1 
400 1 0.323333 920 39 41 37 
400 1 0.323333 930 2 132 136 
400 1 0.323333 930 31 34 32 
400 1 0.323333 930 34 6 10 
400 1 0.323333 930 39 28 22 
400 1 0.323333 940 2 141 139 
400 1 0.323333 940 31 30 21 
400 1 0.323333 940 39 29 40 
400 1 0 950 2 116 178 
400 1 0 950 31 39 0 
400 1 0 950 45 0 6 
400 1 0 950 39 45 0 
400 1 0 950 46 0 7 
400 1 0 950 47 0 9 
400 1 0 960 2 110 190 
400 1 0 960 31 34 0 
400 1 0 960 39 48 0 
400 1 0 960 48 8 0 
400 1 0 960 45 0 5 
400 1 0 960 47 0 5 
400 1 0 970 2 101 182 
400 1 0 970 31 47 0 
400 1 0 970 39 52 0 
400 1 0 970 47 0 18 
400 1 0 980 2 128 200 
400 1 0 980 31 43 0 
400 1 0 980 39 29 0 
400 1 0 990 2 134 200 
400 1 0 990 31 38 0 
400 1 0 990 39 28 0 
400 1 0 1000 2 104 200 
400 1 0 1000 31 42 0 
400 1 0 1000 39 54 0 
400 1 0 1010 2 75 200 
400 1 0 1010 31 58 0 
400 1 0 1010 39 67 0 
400 1 0 1020 49 70 0 
400 1 0 1020 2 0 200 
400 1 0 1020 31 51 0 
400 1 0 1020 39 79 0 
400 1 0 1030 2 0 200 
400 1 0 1030 31 31 0 
400 1 0 1030 39 79 0 
400 1 0 1030 49 90 0 
400 1 0 1040 2 0 200 
400 1 0 1040 31 25 0 
400 1 0 1040 39 61 0 
400 1 0 1040 49 105 0 
400 1 0 1040 50 9 0 
400 1 0 1050 2 0 200 
400 1 0 1050 31 31 0 
400 1 0 1050 39 47 0 
400 1 0 1050 49 110 0 
400 1 0 1050 50 12 0 
400 1 0 1060 2 0 200 
400 1 0 1060 31 48 0 
400 1 0 1060 39 34 0 
400 1 0 1060 49 111 0 
400 1 0 1060 50 7 0 
400 1 0 1070 2 0 200 
400 1 0 1070 31 28 0 
400 1 0 1070 39 49 0 
400 1 0 1070 49 120 0 
400 1 0 1070 50 3 0 
400 1 0 1080 2 0 200 
400 1 0 1080 31 10 0 
400 1 0 1080 39 46 0 
400 1 0 1080 49 144 0 
400 1 0 1090 2 0 200 
400 1 0 1090 31 18 0 
400 1 0 1090 39 29 0 
400 1 0 1090 49 153 0 
400 1 0.323333 1100 2 86 110 
400 1 0.323333 1100 31 17 11 
400 1 0.323333 1100 39 9 19 
400 1 0.323333 1100 49 88 60 
400 1 0.323333 1110 2 70 70 
400 1 0.323333 1110 31 14 16 
400 1 0.323333 1110 39 15 14 
400 1 0.323333 1110 49 101 100 
400 1 0.323333 1120 2 62 68 
400 1 0.323333 1120 31 27 27 
400 1 0.323333 1120 39 17 11 
400 1 0.323333 1120 49 94 94 
400 1 0.323333 1130 2 43 74 
400 1 0.323333 1130 31 49 47 
400 1 0.323333 1130 39 8 4 
400 1 0.323333 1130 49 100 75 
400 1 0.323333 1140 2 50 51 
400 1 0.323333 1140 31 58 39 
400 1 0.323333 1140 39 10 4 
400 1 0.323333 1140 49 82 106 
400 1 0.323333 1150 2 62 55 
400 1 0.323333 1150 31 41 33 
400 1 0.323333 1150 49 97 112 
400 1 0 1160 2 73 65 
400 1 0 1160 31 18 41 
400 1 0 1160 49 109 94 
400 1 0 1170 2 80 57 
400 1 0 1170 51 28 0 
400 1 0 1170 31 0 66 
400 1 0 1170 49 92 77 
400 1 0 1180 52 40 0 
400 1 0 1180 2 0 50 
400 1 0 1180 31 0 96 
400 1 0 1180 49 108 54 
400 1 0 1180 51 52 0 
400 1 0 1190 2 0 46 
400 1 0 1190 31 0 121 
400 1 0 1190 49 133 0 
400 1 0 1190 53 0 33 
400 1 0 1190 51 33 0 
400 1 0 1190 52 34 0 
400 1 0 1200 2 0 56 
400 1 0 1200 54 0 2 
400 1 0 1200 31 0 102 
400 1 0 1200 49 132 0 
400 1 0 1200 51 50 0 
400 1 0 1200 52 18 0 
400 1 0 1200 53 0 40 
400 1 0 1210 2 0 60 
400 1 0 1210 31 0 113 
400 1 0 1210 49 108 0 
400 1 0 1210 51 66 0 
400 1 0 1210 52 26 0 
400 1 0 1210 53 0 27 
400 1 0 1220 2 0 58 
400 1 0 1220 31 0 114 
400 1 0 1220 49 113 0 
400 1 0 1220 51 70 0 
400 1 0 1220 52 17 0 
400 1 0 1220 53 0 28 
400 1 0 1230 2 0 49 
400 1 0 1230 31 0 112 
400 1 0 1230 49 104 0 
400 1 0 1230 51 52 0 
400 1 0 1230 52 44 0 
400 1 0 1230 53 0 39 
400 1 0 1240 2 0 37 
400 1 0 1240 31 0 116 
400 1 0 1240 49 112 0 
400 1 0 1240 51 46 0 
400 1 0 1240 52 42 0 
400 1 0 1240 53 0 47 
400 1 0 1250 55 0 2 
400 1 0 1250 2 0 15 
400 1 0 1250 31 0 122 
400 1 0 1250 49 121 0 
400 1 0 1250 51 30 0 
400 1 0 1250 56 6 0 
400 1 0 1250 52 43 0 
400 1 0 1250 53 0 61 
400 1 0 1260 2 0 16 
400 1 0 1260 31 0 140 
400 1 0 1260 49 115 0 
400 1 0 1260 51 27 0 
400 1 0 1260 52 58 0 
400 1 0 1260 53 0 44 
400 1 0 1270 2 0 16 
400 1 0 1270 31 0 136 
400 1 0 1270 57 0 7 
400 1 0 1270 49 112 0 
400 1 0 1270 51 41 0 
400 1 0 1270 52 47 0 
400 1 0 1270 53 0 41 
400 1 0 1280 2 0 13 
400 1 0 1280 31 0 156 
400 1 0 1280 49 108 0 
400 1 0 1280 51 50 0 
400 1 0 1280 52 42 0 
400 1 0 1280 53 0 31 
400 1 0 1290 2 0 14 
400 1 0 1290 31 0 183 
400 1 0 1290 49 88 0 
400 1 0 1290 51 73 0 
400 1 0 1290 52 39 0 
400 1 0 1290 53 0 3 
400 1 0 1300 2 0 19 
400 1 0 1300 31 0 181 
400 1 0 1300 49 69 0 
400 1 0 1300 51 83 0 
400 1 0 1300 52 48 0 
400 1 0 1310 2 0 22 
400 1 0 1310 31 0 178 
400 1 0 1310 49 41 0 
400 1 0 1310 51 115 0 
400 1 0 1310 52 44 0 
400 1 0 1320 2 0 13 
400 1 0 1320 31 0 187 
400 1 0 1320 49 40 0 
400 1 0 1320 51 114 0 
400 1 0 1320 52 46 0 
400 1 0.323333 1330 2 0 8 
400 1 0.323333 1330 31 153 121 
400 1 0.323333 1330 49 12 22 
400 1 0.323333 1330 51 30 39 
400 1 0.323333 1330 52 5 10 
400 1 0.323333 1340 2 14 6 
400 1 0.323333 1340 31 124 155 
400 1 0.323333 1340 49 3 4 
400 1 0.323333 1340 58 1 0 
400 1 0.323333 1340 51 30 28 
400 1 0.323333 1340 59 2 0 
400 1 0.323333 1340 52 26 7 
400 1 0 1350 31 91 176 
400 1 0 1350 60 22 0 
400 1 0 1350 51 43 0 
400 1 0 1350 61 0 16 
400 1 0 1350 52 44 8 
400 1 0.323333 1360 31 139 123 
400 1 0.323333 1360 51 22 20 
400 1 0.323333 1360 52 21 34 
400 1 0.323333 1360 60 8 11 
400 1 0.323333 1360 61 10 12 
400 1 0.323333 1370 31 137 130 
400 1 0.323333 1370 51 11 24 
400 1 0.323333 1370 52 38 33 
400 1 0.323333 1370 61 14 13 
400 1 0.323333 1380 31 133 140 
400 1 0.323333 1380 51 12 9 
400 1 0.323333 1380 52 31 30 
400 1 0.323333 1380 61 24 21 
400 1 0 1390 31 132 127 
400 1 0 1390 51 15 0 
400 1 0 1390 52 28 63 
400 1 0 1390 61 25 10 
400 1 0 1400 31 154 141 
400 1 0 1400 51 25 0 
400 1 0 1400 62 10 0 
400 1 0 1400 52 0 42 
400 1 0 1400 63 11 0 
400 1 0 1400 61 0 17 
400 1 0 1410 31 149 116 
400 1 0 1410 51 14 0 
400 1 0 1410 52 0 68 
400 1 0 1410 61 0 16 
400 1 0 1410 63 37 0 
400 1 0 1420 31 102 93 
400 1 0 1420 51 16 0 
400 1 0 1420 52 0 96 
400 1 0 1420 61 0 11 
400 1 0 1420 63 82 0 
400 1 0 1430 31 111 67 
400 1 0 1430 51 32 0 
400 1 0 1430 52 0 105 
400 1 0 1430 61 0 28 
400 1 0 1430 63 57 0 
400 1 0 1440 31 151 0 
400 1 0 1440 64 0 79 
400 1 0 1440 51 20 0 
400 1 0 1440 52 0 93 
400 1 0 1440 61 0 28 
400 1 0 1440 63 29 0 
400 1 0 1450 31 145 0 
400 1 0 1450 51 16 0 
400 1 0 1450 65 0 7 
400 1 0 1450 52 0 33 
400 1 0 1450 66 0 20 
400 1 0 1450 67 0 7 
400 1 0 1450 61 0 32 
400 1 0 1450 63 39 0 
400 1 0 1450 64 0 101 
400 1 0 1460 31 138 0 
400 1 0 1460 51 36 0 
400 1 0 1460 52 0 19 
400 1 0 1460 61 0 33 
400 1 0 1460 63 26 0 
400 1 0 1460 64 0 120 
400 1 0 1460 66 0 20 
400 1 0 1460 67 0 8 
400 1 0 1470 31 145 0 
400 1 0 1470 68 1 0 
400 1 0 1470 51 46 0 
400 1 0 1470 52 0 22 
400 1 0 1470 61 0 33 
400 1 0 1470 63 8 0 
400 1 0 1470 64 0 85 
400 1 0 1470 69 0 50 
400 1 0 1470 66 0 6 
400 1 0 1470 67 0 4 
400 1 0 1480 31 144 0 
400 1 0 1480 51 51 0 
400 1 0 1480 52 0 37 
400 1 0 1480 61 0 26 
400 1 0 1480 63 5 0 
400 1 0 1480 64 0 93 
400 1 0 1480 69 0 44 
400 1 0 1490 31 129 0 
400 1 0 1490 51 65 0 
400 1 0 1490 52 0 53 
400 1 0 1490 61 0 15 
400 1 0 1490 63 6 0 
400 1 0 1490 64 0 83 
400 1 0 1490 69 0 49 
400 1 0 1500 31 108 0 
400 1 0 1500 51 89 0 
400 1 0 1500 52 0 38 
400 1 0 1500 61 0 9 
400 1 0 1500 63 3 0 
400 1 0 1500 64 0 118 
400 1 0 1500 69 0 35 
400 1 0 1510 31 108 0 
400 1 0 1510 51 86 0 
400 1 0 1510 52 0 23 
400 1 0 1510 61 0 10 
400 1 0 1510 63 6 0 
400 1 0 1510 70 0 54 
400 1 0 1510 64 0 73 
400 1 0 1510 71 0 1 
400 1 0 1510 69 0 39 
400 1 0 1520 31 103 0 
400 1 0 1520 51 97 0 
400 1 0 1520 52 0 27 
400 1 0 1520 61 0 2 
400 1 0 1520 64 0 39 
400 1 0 1520 72 0 26 
400 1 0 1520 69 0 47 
400 1 0 1520 70 0 48 
400 1 0 1520 73 0 11 
400 1 0 1530 31 48 0 
400 1 0 1530 51 152 0 
400 1 0 1530 52 0 4 
400 1 0 1530 64 0 36 
400 1 0 1530 74 0 23 
400 1 0 1530 69 0 25 
400 1 0 1530 70 0 88 
400 1 0 1530 72 0 15 
400 1 0 1530 73 0 9 
400 1 0 1540 31 56 0 
400 1 0 1540 51 144 0 
400 1 0 1540 64 0 19 
400 1 0 1540 69 0 8 
400 1 0 1540 70 0 120 
400 1 0 1540 72 0 7 
400 1 0 1540 73 0 5 
400 1 0 1540 74 0 41 
400 1 0 1550 31 42 0 
400 1 0 1550 51 158 0 
400 1 0 1550 64 0 1 
400 1 0 1550 70 0 92 
400 1 0 1550 74 0 107 
400 1 0 1560 31 43 0 
400 1 0 1560 51 157 0 
400 1 0 1560 70 0 75 
400 1 0 1560 74 0 125 
400 1 0 1570 31 68 0 
400 1 0 1570 51 132 0 
400 1 0 1570 70 0 91 
400 1 0 1570 74 0 109 
400 1 0 1580 31 55 0 
400 1 0 1580 51 145 0 
400 1 0 1580 70 0 127 
400 1 0 1580 74 0 73 
400 1 0 1590 31 61 0 
400 1 0 1590 51 139 0 
400 1 0 1590 70 0 120 
400 1 0 1590 74 0 80 
400 1 0.323333 1600 31 38 29 
400 1 0.323333 1600 75 7 6 
400 1 0.323333 1600 51 70 59 
400 1 0.323333 1600 70 46 50 
400 1 0.323333 1600 74 39 56 
400 1 0.323333 1610 31 31 40 
400 1 0.323333 1610 51 53 52 
400 1 0.323333 1610 70 41 52 
400 1 0.323333 1610 74 54 53 
400 1 0.323333 1610 75 21 3 
400 1 0.323333 1620 31 22 18 
400 1 0.323333 1620 51 45 34 
400 1 0.323333 1620 70 75 80 
400 1 0.323333 1620 74 50 53 
400 1 0.323333 1620 75 8 15 
400 1 0.323333 1630 31 12 37 
400 1 0.323333 1630 51 50 33 
400 1 0.323333 1630 70 71 68 
400 1 0.323333 1630 74 55 58 
400 1 0.323333 1630 75 12 4 
400 1 0.323333 1640 31 59 33 
400 1 0.323333 1640 51 54 59 
400 1 0.323333 1640 70 54 80 
400 1 0.323333 1640 74 33 27 
400 1 0.323333 1640 75 0 1 
400 1 0.323333 1650 31 52 29 
400 1 0.323333 1650 51 48 49 
400 1 0.323333 1650 70 67 104 
400 1 0.323333 1650 74 33 18 
400 1 0.323333 1660 31 51 41 
400 1 0.323333 1660 51 47 58 
400 1 0.323333 1660 70 93 86 
400 1 0.323333 1660 74 9 15 
400 1 0.323333 1670 31 52 22 
400 1 0.323333 1670 51 41 47 
400 1 0.323333 1670 70 101 120 
400 1 0.323333 1670 74 6 11 
400 1 0 1680 31 40 41 
400 1 0 1680 76 0 6 
400 1 0 1680 51 35 28 
400 1 0 1680 70 107 113 
400 1 0 1680 74 18 12 
400 1 0 1690 31 69 0 
400 1 0 1690 77 0 33 
400 1 0 1690 78 10 0 
400 1 0 1690 51 0 36 
400 1 0 1690 70 110 107 
400 1 0 1690 79 11 0 
400 1 0 1690 74 0 24 
400 1 0 1700 31 94 0 
400 1 0 1700 51 0 23 
400 1 0 1700 70 92 158 
400 1 0 1700 74 0 13 
400 1 0 1700 77 0 6 
400 1 0 1700 78 11 0 
400 1 0 1700 79 3 0 
400 1 0 1710 31 112 0 
400 1 0 1710 80 7 0 
400 1 0 1710 51 0 19 
400 1 0 1710 70 70 181 
400 1 0 1710 78 11 0 
400 1 0 1720 31 126 0 
400 1 0 1720 51 0 43 
400 1 0 1720 81 74 0 
400 1 0 1720 70 0 157 
400 1 0 1730 82 15 0 
400 1 0 1730 83 31 0 
400 1 0 1730 31 32 0 
400 1 0 1730 84 19 0 
400 1 0 1730 51 0 44 
400 1 0 1730 70 0 156 
400 1 0 1730 81 92 0 
400 1 0 1730 85 11 0 
400 1 0 1740 31 68 0 
400 1 0 1740 51 0 62 
400 1 0 1740 70 0 138 
400 1 0 1740 81 92 0 
400 1 0 1740 82 7 0 
400 1 0 1740 83 7 0 
400 1 0 1740 84 26 0 
400 1 0 1750 31 98 0 
400 1 0 1750 51 0 55 
400 1 0 1750 70 0 145 
400 1 0 1750 81 53 0 
400 1 0 1750 82 16 0 
400 1 0 1750 84 33 0 
400 1 0 1760 31 93 0 
400 1 0 1760 51 0 45 
400 1 0 1760 70 0 155 
400 1 0 1760 81 65 0 
400 1 0 1760 82 11 0 
400 1 0 1760 84 31 0 
400 1 0 1770 31 96 0 
400 1 0 1770 51 0 78 
400 1 0 1770 70 0 122 
400 1 0 1770 81 46 0 
400 1 0 1770 82 11 0 
400 1 0 1770 84 47 0 
400 1 0 1780 31 96 0 
400 1 0 1780 86 17 0 
400 1 0 1780 51 0 56 
400 1 0 1780 70 0 144 
400 1 0 1780 81 37 0 
400 1 0 1780 84 50 0 
400 1 0 1790 31 71 0 
400 1 0 1790 51 0 58 
400 1 0 1790 70 0 142 
400 1 0 1790 81 29 0 
400 1 0 1790 84 96 0 
400 1 0 1790 86 4 0 
400 1 0 1800 31 75 0 
400 1 0 1800 87 4 0 
400 1 0 1800 51 0 46 
400 1 0 1800 70 0 154 
400 1 0 1800 81 15 0 
400 1 0 1800 84 106 0 
400 1 0 1810 31 64 0 
400 1 0 1810 51 0 34 
400 1 0 1810 70 0 166 
400 1 0 1810 81 40 0 
400 1 0 1810 84 94 0 
400 1 0 1810 87 2 0 
400 1 0 1820 31 27 0 
400 1 0 1820 88 14 0 
400 1 0 1820 89 11 0 
400 1 0 1820 90 21 0 
400 1 0 1820 91 5 0 
400 1 0 1820 51 0 19 
400 1 0 1820 70 0 181 
400 1 0 1820 81 13 0 
400 1 0 1820 84 109 0 
400 1 0 1830 31 22 0 
400 1 0 1830 51 0 9 
400 1 0 1830 70 0 191 
400 1 0 1830 81 7 0 
400 1 0 1830 92 3 0 
400 1 0 1830 84 82 0 
400 1 0 1830 88 17 0 
400 1 0 1830 89 15 0 
400 1 0 1830 90 54 0 
400 1 0 1840 31 20 0 
400 1 0 1840 51 7 19 
400 1 0 1840 70 81 111 
400 1 0 1840 81 7 0 
400 1 0 1840 84 58 38 
400 1 0 1840 88 3 16 
400 1 0 1840 89 14 8 
400 1 0 1840 90 10 8 
400 1 0 1850 31 15 0 
400 1 0 1850 93 5 0 
400 1 0 1850 51 0 62 
400 1 0 1850 70 103 64 
400 1 0 1850 81 4 0 
400 1 0 1850 84 47 0 
400 1 0 1850 94 0 31 
400 1 0 1850 88 0 11 
400 1 0 1850 89 14 27 
400 1 0 1850 90 12 0 
400 1 0 1850 95 0 5 
400 1 0.323333 1860 31 3 0 
400 1 0.323333 1860 51 34 34 
400 1 0.323333 1860 70 51 41 
400 1 0.323333 1860 96 23 30 
400 1 0.323333 1860 97 1 0 
400 1 0.323333 1860 84 46 58 
400 1 0.323333 1860 88 7 3 
400 1 0.323333 1860 89 7 9 
400 1 0.323333 1860 98 5 5 
400 1 0.323333 1860 90 12 2 
400 1 0.323333 1860 94 4 10 
400 1 0.323333 1860 95 7 8 
400 1 0 1870 31 9 0 
400 1 0 1870 99 19 0 
400 1 0 1870 100 12 0 
400 1 0 1870 51 0 54 
400 1 0 1870 70 48 55 
400 1 0 1870 101 16 11 
400 1 0 1870 102 8 0 
400 1 0 1870 84 0 39 
400 1 0 1870 103 0 25 
400 1 0 1870 89 41 0 
400 1 0 1870 90 5 0 
400 1 0 1870 95 10 2 
400 1 0 1870 96 32 0 
400 1 0 1870 104 0 12 
400 1 0 1870 105 0 2 
400 1 0 1880 51 0 48 
400 1 0 1880 70 71 0 
400 1 0 1880 106 0 29 
400 1 0 1880 84 0 53 
400 1 0 1880 89 1 0 
400 1 0 1880 90 6 0 
400 1 0 1880 95 11 0 
400 1 0 1880 96 31 0 
400 1 0 1880 99 12 0 
400 1 0 1880 100 23 0 
400 1 0 1880 101 45 0 
400 1 0 1880 107 0 28 
400 1 0 1880 103 0 23 
400 1 0 1880 104 0 19 
400 1 0 1890 51 0 92 
400 1 0 1890 70 58 0 
400 1 0 1890 84 0 5 
400 1 0 1890 108 0 1 
400 1 0 1890 96 18 0 
400 1 0 1890 99 18 0 
400 1 0 1890 100 28 0 
400 1 0 1890 101 78 0 
400 1 0 1890 103 0 8 
400 1 0 1890 104 0 8 
400 1 0 1890 106 0 41 
400 1 0 1890 107 0 45 
400 1 0 1900 51 0 71 
400 1 0 1900 109 0 27 
400 1 0 1900 110 11 0 
400 1 0 1900 70 23 0 
400 1 0 1900 96 30 0 
400 1 0 1900 99 8 0 
400 1 0 1900 100 24 0 
400 1 0 1900 101 104 0 
400 1 0 1900 103 0 13 
400 1 0 1900 104 0 9 
400 1 0 1900 106 0 50 
400 1 0 1900 107 0 30 
400 1 0.323333 1910 51 12 8 
400 1 0.323333 1910 70 17 29 
400 1 0.323333 1910 96 20 22 
400 1 0.323333 1910 101 106 69 
400 1 0.323333 1910 103 8 4 
400 1 0.323333 1910 106 21 24 
400 1 0.323333 1910 107 10 31 
400 1 0.323333 1910 109 6 13 
400 1 0.323333 1920 70 16 18 
400 1 0.323333 1920 96 6 16 
400 1 0.323333 1920 101 120 96 
400 1 0.323333 1920 106 15 30 
400 1 0.323333 1920 107 23 10 
400 1 0.323333 1920 111 3 0 
400 1 0.323333 1920 109 17 30 
400 1 0.323333 1930 70 24 25 
400 1 0.323333 1930 96 15 16 
400 1 0.323333 1930 101 75 79 
400 1 0.323333 1930 106 41 42 
400 1 0.323333 1930 107 15 19 
400 1 0.323333 1930 109 30 19 
400 1 0.323333 1940 70 19 28 
400 1 0.323333 1940 96 18 18 
400 1 0.323333 1940 101 64 55 
400 1 0.323333 1940 106 54 57 
400 1 0.323333 1940 107 19 21 
400 1 0.323333 1940 109 26 21 
400 1 0.323333 1950 70 19 13 
400 1 0.323333 1950 96 5 17 
400 1 0.323333 1950 101 49 41 
400 1 0.323333 1950 112 0 1 
400 1 0.323333 1950 106 48 54 
400 1 0.323333 1950 107 44 34 
400 1 0.323333 1950 109 35 40 
400 1 0.323333 1960 70 28 16 
400 1 0.323333 1960 101 40 46 
400 1 0.323333 1960 106 56 55 
400 1 0.323333 1960 107 51 59 
400 1 0.323333 1960 109 25 24 
400 1 0 1970 70 18 13 
400 1 0 1970 101 54 45 
400 1 0 1970 106 47 62 
400 1 0 1970 107 49 55 
400 1 0 1970 109 29 25 
400 1 0 1970 113 3 0 
400 1 0 1980 70 43 0 
400 1 0 1980 114 0 17 
400 1 0 1980 101 56 52 
400 1 0 1980 115 53 0 
400 1 0 1980 106 0 69 
400 1 0 1980 116 31 0 
400 1 0 1980 107 0 48 
400 1 0 1980 109 17 0 
400 1 0 1980 117 0 14 
400 1 0 1990 70 54 0 
400 1 0 1990 101 40 0 
400 1 0 1990 118 0 34 
400 1 0 1990 119 0 6 
400 1 0 1990 106 0 68 
400 1 0 1990 107 0 48 
400 1 0 1990 109 2 0 
400 1 0 1990 114 0 27 
400 1 0 1990 115 46 0 
400 1 0 1990 116 58 0 
400 1 0 1990 117 0 17 
400 1 0 2000 70 85 0 
400 1 0 2000 101 20 0 
400 1 0 2000 106 0 82 
400 1 0 2000 107 0 36 
400 1 0 2000 120 0 17 
400 1 0 2000 114 0 22 
400 1 0 2000 115 33 0 
400 1 0 2000 121 16 0 
400 1 0 2000 116 46 0 
400 1 0 2000 117 0 12 
400 1 0 2000 118 0 31 
