1 1 0 590 
2 1 30 40 
3 1 70 130 
4 1 130 1030 
5 4 220 230 
6 4 310 390 
7 4 400 740 
8 4 400 970 
9 4 420 440 
10 4 460 510 
11 8 460 470 
12 10 490 520 
13 8 520 570 
14 8 520 530 
15 8 530 550 
16 7 570 660 
17 8 570 580 
18 7 590 710 
19 16 610 620 
20 16 640 650 
21 8 650 670 
22 8 660 690 
23 8 720 730 
24 4 730 740 
25 8 820 830 
26 8 830 840 
27 4 840 850 
28 8 880 980 
29 4 890 2001 
30 4 910 1080 
31 8 940 2001 
32 29 940 960 
33 29 940 1020 
34 4 960 990 
35 8 960 1140 
36 4 990 1030 
37 31 1000 1010 
38 29 1050 1060 
39 29 1130 1280 
40 31 1170 1610 
41 40 1240 1250 
42 31 1340 1360 
43 29 1380 1430 
44 31 1390 1440 
45 31 1390 1400 
46 29 1440 1650 
47 40 1470 1520 
48 29 1520 1530 
49 29 1540 1590 
50 46 1600 1610 
51 29 1610 1630 
52 31 1610 1620 
53 46 1610 1630 
54 46 1620 1720 
55 54 1650 1660 
56 29 1660 1680 
57 54 1660 2001 
58 54 1660 1670 
59 54 1660 1670 
60 31 1670 1810 
61 31 1680 1700 
62 31 1680 1690 
63 31 1700 1710 
64 60 1710 1720 
65 29 1730 1740 
66 57 1840 1960 
67 31 1880 1910 
68 29 1920 1960 
69 31 1930 1960 
70 31 1940 2001 
71 29 1970 1980 
72 31 1970 2000 
