pop rep mig tem esp abund1 abund2 
400 1 6.95149e-310 0 1 200 200 
400 1 0.00808333 10 1 200 200 
400 1 0.00808333 20 1 200 200 
400 1 0 30 1 199 200 
400 1 0 30 2 1 0 
400 1 0 40 1 200 200 
400 1 0 50 1 200 200 
400 1 0 60 1 200 200 
400 1 0 70 3 7 0 
400 1 0 70 1 193 200 
400 1 0 80 1 189 200 
400 1 0 80 3 11 0 
400 1 0 90 1 176 200 
400 1 0 90 3 24 0 
400 1 0 100 1 170 200 
400 1 0 100 3 30 0 
400 1 0 110 1 182 200 
400 1 0 110 3 18 0 
400 1 0 120 1 197 200 
400 1 0 120 3 3 0 
400 1 0 130 1 200 0 
400 1 0 130 4 0 200 
400 1 0 140 1 200 0 
400 1 0 140 4 0 200 
400 1 0 150 1 200 0 
400 1 0 150 4 0 200 
400 1 0 160 1 200 0 
400 1 0 160 4 0 200 
400 1 0 170 1 200 0 
400 1 0 170 4 0 200 
400 1 0 180 1 200 0 
400 1 0 180 4 0 200 
400 1 0 190 1 200 0 
400 1 0 190 4 0 200 
400 1 0.00808333 200 1 200 1 
400 1 0.00808333 200 4 0 199 
400 1 0.00808333 210 1 191 0 
400 1 0.00808333 210 4 9 200 
400 1 0 220 1 197 0 
400 1 0 220 5 3 0 
400 1 0 220 4 0 200 
400 1 0 230 1 200 0 
400 1 0 230 4 0 200 
400 1 0 240 1 200 0 
400 1 0 240 4 0 200 
400 1 0 250 1 200 0 
400 1 0 250 4 0 200 
400 1 0 260 1 200 0 
400 1 0 260 4 0 200 
400 1 0 270 1 200 0 
400 1 0 270 4 0 200 
400 1 0 280 1 200 0 
400 1 0 280 4 0 200 
400 1 0 290 1 200 0 
400 1 0 290 4 0 200 
400 1 0 300 1 200 0 
400 1 0 300 4 0 200 
400 1 0 310 1 200 0 
400 1 0 310 4 0 176 
400 1 0 310 6 0 24 
400 1 0 320 1 200 0 
400 1 0 320 4 0 187 
400 1 0 320 6 0 13 
400 1 0 330 1 200 0 
400 1 0 330 4 0 184 
400 1 0 330 6 0 16 
400 1 0.00808333 340 1 200 0 
400 1 0.00808333 340 4 0 174 
400 1 0.00808333 340 6 0 26 
400 1 0 350 1 200 0 
400 1 0 350 4 0 161 
400 1 0 350 6 0 39 
400 1 0 360 1 200 0 
400 1 0 360 4 0 179 
400 1 0 360 6 0 21 
400 1 0.00808333 370 1 187 0 
400 1 0.00808333 370 4 13 176 
400 1 0.00808333 370 6 0 24 
400 1 0.00808333 380 1 181 0 
400 1 0.00808333 380 4 19 192 
400 1 0.00808333 380 6 0 8 
400 1 0.00808333 390 1 125 0 
400 1 0.00808333 390 4 75 200 
400 1 0.00808333 400 1 98 0 
400 1 0.00808333 400 7 28 0 
400 1 0.00808333 400 8 74 3 
400 1 0.00808333 400 4 0 197 
400 1 0.00808333 410 1 81 0 
400 1 0.00808333 410 4 3 200 
400 1 0.00808333 410 7 16 0 
400 1 0.00808333 410 8 100 0 
400 1 0.00808333 420 1 70 0 
400 1 0.00808333 420 9 14 3 
400 1 0.00808333 420 4 0 192 
400 1 0.00808333 420 7 22 0 
400 1 0.00808333 420 8 94 5 
400 1 0.00808333 430 1 56 0 
400 1 0.00808333 430 4 10 197 
400 1 0.00808333 430 7 36 0 
400 1 0.00808333 430 8 74 3 
400 1 0.00808333 430 9 24 0 
400 1 0.00808333 440 1 37 0 
400 1 0.00808333 440 4 39 198 
400 1 0.00808333 440 7 59 0 
400 1 0.00808333 440 8 65 2 
400 1 0 450 1 53 0 
400 1 0 450 4 60 200 
400 1 0 450 7 42 0 
400 1 0 450 8 45 0 
400 1 0 460 1 40 0 
400 1 0 460 10 54 0 
400 1 0 460 4 0 200 
400 1 0 460 7 60 0 
400 1 0 460 8 45 0 
400 1 0 460 11 1 0 
400 1 0 470 1 14 0 
400 1 0 470 4 0 200 
400 1 0 470 7 57 0 
400 1 0 470 8 82 0 
400 1 0 470 10 47 0 
400 1 0 480 1 13 0 
400 1 0 480 4 0 200 
400 1 0 480 7 54 0 
400 1 0 480 8 78 0 
400 1 0 480 10 55 0 
400 1 0 490 1 14 0 
400 1 0 490 4 0 200 
400 1 0 490 7 42 0 
400 1 0 490 8 107 0 
400 1 0 490 10 19 0 
400 1 0 490 12 18 0 
400 1 0 500 1 31 0 
400 1 0 500 4 0 200 
400 1 0 500 7 54 0 
400 1 0 500 8 89 0 
400 1 0 500 10 9 0 
400 1 0 500 12 17 0 
400 1 0 510 1 35 0 
400 1 0 510 4 0 200 
400 1 0 510 7 45 0 
400 1 0 510 8 113 0 
400 1 0 510 12 7 0 
400 1 0 520 1 56 0 
400 1 0 520 4 0 200 
400 1 0 520 7 54 0 
400 1 0 520 8 71 0 
400 1 0 520 13 16 0 
400 1 0 520 14 3 0 
400 1 0 530 1 24 0 
400 1 0 530 4 0 200 
400 1 0 530 7 96 0 
400 1 0 530 8 45 0 
400 1 0 530 15 5 0 
400 1 0 530 13 30 0 
400 1 0 540 1 17 0 
400 1 0 540 4 0 200 
400 1 0 540 7 86 0 
400 1 0 540 8 47 0 
400 1 0 540 13 46 0 
400 1 0 540 15 4 0 
400 1 0 550 1 26 0 
400 1 0 550 4 0 200 
400 1 0 550 7 100 0 
400 1 0 550 8 54 0 
400 1 0 550 13 20 0 
400 1 0 560 1 11 0 
400 1 0 560 4 0 200 
400 1 0 560 7 60 0 
400 1 0 560 8 122 0 
400 1 0 560 13 7 0 
400 1 0 570 1 11 0 
400 1 0 570 4 0 200 
400 1 0 570 7 52 0 
400 1 0 570 16 45 0 
400 1 0 570 8 90 0 
400 1 0 570 17 2 0 
400 1 0 580 1 14 0 
400 1 0 580 4 0 200 
400 1 0 580 7 72 0 
400 1 0 580 8 89 0 
400 1 0 580 16 25 0 
400 1 0 590 4 0 200 
400 1 0 590 7 63 0 
400 1 0 590 18 5 0 
400 1 0 590 8 69 0 
400 1 0 590 16 63 0 
400 1 0 600 4 0 200 
400 1 0 600 7 66 0 
400 1 0 600 8 71 0 
400 1 0 600 16 48 0 
400 1 0 600 18 15 0 
400 1 0 610 4 0 200 
400 1 0 610 7 53 0 
400 1 0 610 8 69 0 
400 1 0 610 16 59 0 
400 1 0 610 19 3 0 
400 1 0 610 18 16 0 
400 1 0 620 4 0 200 
400 1 0 620 7 42 0 
400 1 0 620 8 109 0 
400 1 0 620 16 40 0 
400 1 0 620 18 9 0 
400 1 0 630 4 0 200 
400 1 0 630 7 33 0 
400 1 0 630 8 92 0 
400 1 0 630 16 71 0 
400 1 0 630 18 4 0 
400 1 0 640 4 0 200 
400 1 0 640 7 39 0 
400 1 0 640 8 133 0 
400 1 0 640 20 10 0 
400 1 0 640 16 15 0 
400 1 0 640 18 3 0 
400 1 0 650 4 0 200 
400 1 0 650 7 63 0 
400 1 0 650 8 114 0 
400 1 0 650 21 9 0 
400 1 0 650 16 7 0 
400 1 0 650 18 7 0 
400 1 0 660 4 0 200 
400 1 0 660 7 47 0 
400 1 0 660 8 121 0 
400 1 0 660 22 13 0 
400 1 0 660 18 16 0 
400 1 0 660 21 3 0 
400 1 0 670 4 0 200 
400 1 0 670 7 59 0 
400 1 0 670 8 106 0 
400 1 0 670 18 15 0 
400 1 0 670 22 20 0 
400 1 0 680 4 0 200 
400 1 0 680 7 36 0 
400 1 0 680 8 149 0 
400 1 0 680 18 12 0 
400 1 0 680 22 3 0 
400 1 0 690 4 0 200 
400 1 0 690 7 49 0 
400 1 0 690 8 140 0 
400 1 0 690 18 11 0 
400 1 0 700 4 0 200 
400 1 0 700 7 52 0 
400 1 0 700 8 140 0 
400 1 0 700 18 8 0 
400 1 0 710 4 0 200 
400 1 0 710 7 32 0 
400 1 0 710 8 168 0 
400 1 0 720 4 0 200 
400 1 0 720 7 22 0 
400 1 0 720 8 175 0 
400 1 0 720 23 3 0 
400 1 0 730 4 0 199 
400 1 0 730 24 0 1 
400 1 0 730 7 18 0 
400 1 0 730 8 182 0 
400 1 0 740 4 0 200 
400 1 0 740 8 200 0 
400 1 0 750 4 0 200 
400 1 0 750 8 200 0 
400 1 0 760 4 0 200 
400 1 0 760 8 200 0 
400 1 0 770 4 0 200 
400 1 0 770 8 200 0 
400 1 0 780 4 0 200 
400 1 0 780 8 200 0 
400 1 0 790 4 0 200 
400 1 0 790 8 200 0 
400 1 0 800 4 0 200 
400 1 0 800 8 200 0 
400 1 0 810 4 0 200 
400 1 0 810 8 200 0 
400 1 0 820 4 0 200 
400 1 0 820 8 199 0 
400 1 0 820 25 1 0 
400 1 0 830 4 0 200 
400 1 0 830 8 199 0 
400 1 0 830 26 1 0 
400 1 0 840 4 0 196 
400 1 0 840 27 0 4 
400 1 0 840 8 200 0 
400 1 0.00808333 850 4 3 200 
400 1 0.00808333 850 8 197 0 
400 1 0.00808333 860 4 0 167 
400 1 0.00808333 860 8 200 33 
400 1 0.00808333 870 4 12 175 
400 1 0.00808333 870 8 188 25 
400 1 0.00808333 880 4 25 166 
400 1 0.00808333 880 8 175 2 
400 1 0.00808333 880 28 0 32 
400 1 0.00808333 890 29 41 0 
400 1 0.00808333 890 4 2 180 
400 1 0.00808333 890 8 154 6 
400 1 0.00808333 890 28 3 14 
400 1 0.00808333 900 4 18 155 
400 1 0.00808333 900 8 152 20 
400 1 0.00808333 900 28 0 25 
400 1 0.00808333 900 29 30 0 
400 1 0.00808333 910 30 46 0 
400 1 0.00808333 910 4 2 137 
400 1 0.00808333 910 8 127 21 
400 1 0.00808333 910 28 0 42 
400 1 0.00808333 910 29 25 0 
400 1 0.00808333 920 4 0 140 
400 1 0.00808333 920 8 81 24 
400 1 0.00808333 920 28 0 36 
400 1 0.00808333 920 29 101 0 
400 1 0.00808333 920 30 18 0 
400 1 0.00808333 930 4 0 102 
400 1 0.00808333 930 8 76 24 
400 1 0.00808333 930 28 0 74 
400 1 0.00808333 930 29 85 0 
400 1 0.00808333 930 30 39 0 
400 1 0.00808333 940 4 0 100 
400 1 0.00808333 940 8 70 0 
400 1 0.00808333 940 31 0 52 
400 1 0.00808333 940 28 0 48 
400 1 0.00808333 940 29 47 0 
400 1 0.00808333 940 32 16 0 
400 1 0.00808333 940 33 4 0 
400 1 0.00808333 940 30 63 0 
400 1 0 950 4 0 76 
400 1 0 950 8 45 0 
400 1 0 950 28 0 16 
400 1 0 950 29 61 0 
400 1 0 950 30 72 0 
400 1 0 950 31 0 108 
400 1 0 950 32 10 0 
400 1 0 950 33 12 0 
400 1 0 960 34 0 31 
400 1 0 960 4 0 51 
400 1 0 960 35 8 0 
400 1 0 960 8 9 0 
400 1 0 960 28 0 12 
400 1 0 960 29 79 0 
400 1 0 960 30 89 0 
400 1 0 960 31 0 106 
400 1 0 960 33 15 0 
400 1 0 970 4 0 41 
400 1 0 970 28 0 4 
400 1 0 970 29 97 0 
400 1 0 970 30 64 0 
400 1 0 970 31 0 147 
400 1 0 970 33 28 0 
400 1 0 970 34 0 8 
400 1 0 970 35 11 0 
400 1 0 980 4 0 63 
400 1 0 980 29 90 0 
400 1 0 980 30 72 0 
400 1 0 980 31 0 129 
400 1 0 980 33 25 0 
400 1 0 980 34 0 8 
400 1 0 980 35 13 0 
400 1 0 990 36 0 36 
400 1 0 990 4 0 49 
400 1 0 990 29 81 0 
400 1 0 990 30 83 0 
400 1 0 990 31 0 115 
400 1 0 990 33 17 0 
400 1 0 990 35 19 0 
400 1 0 1000 4 0 51 
400 1 0 1000 29 124 0 
400 1 0 1000 30 31 0 
400 1 0 1000 31 0 132 
400 1 0 1000 37 0 3 
400 1 0 1000 33 23 0 
400 1 0 1000 35 22 0 
400 1 0 1000 36 0 14 
400 1 0 1010 4 0 24 
400 1 0 1010 29 154 0 
400 1 0 1010 30 36 0 
400 1 0 1010 31 0 170 
400 1 0 1010 33 5 0 
400 1 0 1010 35 5 0 
400 1 0 1010 36 0 6 
400 1 0 1020 4 0 1 
400 1 0 1020 29 135 0 
400 1 0 1020 30 52 0 
400 1 0 1020 31 0 196 
400 1 0 1020 35 13 0 
400 1 0 1020 36 0 3 
400 1 0 1030 29 125 0 
400 1 0 1030 30 66 0 
400 1 0 1030 31 0 200 
400 1 0 1030 35 9 0 
400 1 0 1040 29 150 0 
400 1 0 1040 30 38 0 
400 1 0 1040 31 0 200 
400 1 0 1040 35 12 0 
400 1 0 1050 29 113 0 
400 1 0 1050 38 6 0 
400 1 0 1050 30 62 0 
400 1 0 1050 31 0 200 
400 1 0 1050 35 19 0 
400 1 0 1060 29 138 0 
400 1 0 1060 30 50 0 
400 1 0 1060 31 0 200 
400 1 0 1060 35 12 0 
400 1 0 1070 29 172 0 
400 1 0 1070 30 12 0 
400 1 0 1070 31 0 200 
400 1 0 1070 35 16 0 
400 1 0 1080 29 178 0 
400 1 0 1080 31 0 200 
400 1 0 1080 35 22 0 
400 1 0 1090 29 184 0 
400 1 0 1090 31 0 200 
400 1 0 1090 35 16 0 
400 1 0.00808333 1100 29 185 0 
400 1 0.00808333 1100 31 2 200 
400 1 0.00808333 1100 35 13 0 
400 1 0.00808333 1110 29 186 17 
400 1 0.00808333 1110 31 0 183 
400 1 0.00808333 1110 35 14 0 
400 1 0.00808333 1120 29 186 39 
400 1 0.00808333 1120 31 0 161 
400 1 0.00808333 1120 35 14 0 
400 1 0.00808333 1130 29 192 10 
400 1 0.00808333 1130 39 0 14 
400 1 0.00808333 1130 31 0 176 
400 1 0.00808333 1130 35 8 0 
400 1 0.00808333 1140 29 200 0 
400 1 0.00808333 1140 31 0 169 
400 1 0.00808333 1140 39 0 31 
400 1 0.00808333 1150 29 200 0 
400 1 0.00808333 1150 31 0 174 
400 1 0.00808333 1150 39 0 26 
400 1 0 1160 29 196 0 
400 1 0 1160 31 4 176 
400 1 0 1160 39 0 24 
400 1 0 1170 29 188 0 
400 1 0 1170 40 12 0 
400 1 0 1170 31 0 187 
400 1 0 1170 39 0 13 
400 1 0 1180 29 183 0 
400 1 0 1180 31 0 192 
400 1 0 1180 39 0 8 
400 1 0 1180 40 17 0 
400 1 0 1190 29 190 0 
400 1 0 1190 31 0 189 
400 1 0 1190 39 0 11 
400 1 0 1190 40 10 0 
400 1 0 1200 29 180 0 
400 1 0 1200 31 0 186 
400 1 0 1200 39 0 14 
400 1 0 1200 40 20 0 
400 1 0 1210 29 186 0 
400 1 0 1210 31 0 170 
400 1 0 1210 39 0 30 
400 1 0 1210 40 14 0 
400 1 0 1220 29 150 0 
400 1 0 1220 31 0 182 
400 1 0 1220 39 0 18 
400 1 0 1220 40 50 0 
400 1 0 1230 29 156 0 
400 1 0 1230 31 0 189 
400 1 0 1230 39 0 11 
400 1 0 1230 40 44 0 
400 1 0 1240 29 126 0 
400 1 0 1240 31 0 188 
400 1 0 1240 39 0 12 
400 1 0 1240 40 73 0 
400 1 0 1240 41 1 0 
400 1 0 1250 29 130 0 
400 1 0 1250 31 0 174 
400 1 0 1250 39 0 26 
400 1 0 1250 40 70 0 
400 1 0 1260 29 108 0 
400 1 0 1260 31 0 179 
400 1 0 1260 39 0 21 
400 1 0 1260 40 92 0 
400 1 0 1270 29 125 0 
400 1 0 1270 31 0 185 
400 1 0 1270 39 0 15 
400 1 0 1270 40 75 0 
400 1 0 1280 29 126 0 
400 1 0 1280 31 0 200 
400 1 0 1280 40 74 0 
400 1 0 1290 29 142 0 
400 1 0 1290 31 0 200 
400 1 0 1290 40 58 0 
400 1 0 1300 29 128 0 
400 1 0 1300 31 0 200 
400 1 0 1300 40 72 0 
400 1 0 1310 29 96 0 
400 1 0 1310 31 0 200 
400 1 0 1310 40 104 0 
400 1 0 1320 29 85 0 
400 1 0 1320 31 0 200 
400 1 0 1320 40 115 0 
400 1 0.00808333 1330 29 85 0 
400 1 0.00808333 1330 31 11 200 
400 1 0.00808333 1330 40 104 0 
400 1 0.00808333 1340 29 53 0 
400 1 0.00808333 1340 42 16 0 
400 1 0.00808333 1340 31 0 200 
400 1 0.00808333 1340 40 131 0 
400 1 0 1350 29 58 0 
400 1 0 1350 31 0 200 
400 1 0 1350 40 132 0 
400 1 0 1350 42 10 0 
400 1 0.00808333 1360 29 56 0 
400 1 0.00808333 1360 31 10 200 
400 1 0.00808333 1360 40 134 0 
400 1 0.00808333 1370 29 65 10 
400 1 0.00808333 1370 31 6 190 
400 1 0.00808333 1370 40 129 0 
400 1 0.00808333 1380 29 44 0 
400 1 0.00808333 1380 43 0 17 
400 1 0.00808333 1380 31 25 183 
400 1 0.00808333 1380 40 131 0 
400 1 0 1390 29 29 0 
400 1 0 1390 44 38 0 
400 1 0 1390 45 2 0 
400 1 0 1390 31 0 165 
400 1 0 1390 40 131 0 
400 1 0 1390 43 0 35 
400 1 0 1400 29 75 0 
400 1 0 1400 31 0 192 
400 1 0 1400 40 79 0 
400 1 0 1400 43 0 8 
400 1 0 1400 44 46 0 
400 1 0 1410 29 73 0 
400 1 0 1410 31 0 180 
400 1 0 1410 40 101 0 
400 1 0 1410 43 0 20 
400 1 0 1410 44 26 0 
400 1 0 1420 29 94 0 
400 1 0 1420 31 0 196 
400 1 0 1420 40 71 0 
400 1 0 1420 43 0 4 
400 1 0 1420 44 35 0 
400 1 0 1430 29 122 0 
400 1 0 1430 31 0 200 
400 1 0 1430 40 73 0 
400 1 0 1430 44 5 0 
400 1 0 1440 29 97 0 
400 1 0 1440 46 55 0 
400 1 0 1440 31 0 200 
400 1 0 1440 40 48 0 
400 1 0 1450 29 100 0 
400 1 0 1450 31 0 200 
400 1 0 1450 40 75 0 
400 1 0 1450 46 25 0 
400 1 0 1460 29 105 0 
400 1 0 1460 31 0 200 
400 1 0 1460 40 59 0 
400 1 0 1460 46 36 0 
400 1 0 1470 29 99 0 
400 1 0 1470 31 0 200 
400 1 0 1470 40 31 0 
400 1 0 1470 47 21 0 
400 1 0 1470 46 49 0 
400 1 0 1480 29 121 0 
400 1 0 1480 31 0 200 
400 1 0 1480 40 33 0 
400 1 0 1480 46 32 0 
400 1 0 1480 47 14 0 
400 1 0 1490 29 109 0 
400 1 0 1490 31 0 200 
400 1 0 1490 40 37 0 
400 1 0 1490 46 24 0 
400 1 0 1490 47 30 0 
400 1 0 1500 29 109 0 
400 1 0 1500 31 0 200 
400 1 0 1500 40 29 0 
400 1 0 1500 46 9 0 
400 1 0 1500 47 53 0 
400 1 0 1510 29 151 0 
400 1 0 1510 31 0 200 
400 1 0 1510 40 20 0 
400 1 0 1510 46 12 0 
400 1 0 1510 47 17 0 
400 1 0 1520 29 165 0 
400 1 0 1520 48 1 0 
400 1 0 1520 31 0 200 
400 1 0 1520 40 22 0 
400 1 0 1520 46 12 0 
400 1 0 1530 29 169 0 
400 1 0 1530 31 0 200 
400 1 0 1530 40 20 0 
400 1 0 1530 46 11 0 
400 1 0 1540 29 153 0 
400 1 0 1540 49 13 0 
400 1 0 1540 31 0 200 
400 1 0 1540 40 21 0 
400 1 0 1540 46 13 0 
400 1 0 1550 29 136 0 
400 1 0 1550 31 0 200 
400 1 0 1550 40 16 0 
400 1 0 1550 46 30 0 
400 1 0 1550 49 18 0 
400 1 0 1560 29 120 0 
400 1 0 1560 31 0 200 
400 1 0 1560 40 2 0 
400 1 0 1560 46 71 0 
400 1 0 1560 49 7 0 
400 1 0 1570 29 80 0 
400 1 0 1570 31 0 200 
400 1 0 1570 40 8 0 
400 1 0 1570 46 86 0 
400 1 0 1570 49 26 0 
400 1 0 1580 29 37 0 
400 1 0 1580 31 0 200 
400 1 0 1580 40 21 0 
400 1 0 1580 46 135 0 
400 1 0 1580 49 7 0 
400 1 0 1590 29 45 0 
400 1 0 1590 31 0 200 
400 1 0 1590 40 35 0 
400 1 0 1590 46 120 0 
400 1 0.00808333 1600 29 49 0 
400 1 0.00808333 1600 31 2 198 
400 1 0.00808333 1600 40 23 0 
400 1 0.00808333 1600 46 122 2 
400 1 0.00808333 1600 50 4 0 
400 1 0.00808333 1610 29 50 0 
400 1 0.00808333 1610 51 4 0 
400 1 0.00808333 1610 52 8 0 
400 1 0.00808333 1610 31 0 191 
400 1 0.00808333 1610 46 138 2 
400 1 0.00808333 1610 53 0 7 
400 1 0.00808333 1620 29 82 0 
400 1 0.00808333 1620 31 2 196 
400 1 0.00808333 1620 54 54 0 
400 1 0.00808333 1620 46 59 0 
400 1 0.00808333 1620 51 3 0 
400 1 0.00808333 1620 53 0 4 
400 1 0.00808333 1630 29 73 0 
400 1 0.00808333 1630 31 0 192 
400 1 0.00808333 1630 46 28 0 
400 1 0.00808333 1630 54 99 8 
400 1 0.00808333 1640 29 94 0 
400 1 0.00808333 1640 31 1 200 
400 1 0.00808333 1640 46 4 0 
400 1 0.00808333 1640 54 101 0 
400 1 0.00808333 1650 29 90 0 
400 1 0.00808333 1650 31 9 200 
400 1 0.00808333 1650 54 99 0 
400 1 0.00808333 1650 55 2 0 
400 1 0.00808333 1660 29 51 0 
400 1 0.00808333 1660 56 9 0 
400 1 0.00808333 1660 31 19 200 
400 1 0.00808333 1660 54 73 0 
400 1 0.00808333 1660 57 35 0 
400 1 0.00808333 1660 58 7 0 
400 1 0.00808333 1660 59 6 0 
400 1 0.00808333 1670 29 43 0 
400 1 0.00808333 1670 60 61 3 
400 1 0.00808333 1670 31 13 197 
400 1 0.00808333 1670 54 50 0 
400 1 0.00808333 1670 56 4 0 
400 1 0.00808333 1670 57 29 0 
400 1 0 1680 29 51 0 
400 1 0 1680 61 20 0 
400 1 0 1680 62 1 0 
400 1 0 1680 31 0 193 
400 1 0 1680 54 31 0 
400 1 0 1680 57 21 0 
400 1 0 1680 60 76 7 
400 1 0 1690 29 56 0 
400 1 0 1690 31 0 200 
400 1 0 1690 54 23 0 
400 1 0 1690 57 18 0 
400 1 0 1690 60 89 0 
400 1 0 1690 61 14 0 
400 1 0 1700 29 37 0 
400 1 0 1700 63 0 5 
400 1 0 1700 31 0 195 
400 1 0 1700 54 15 0 
400 1 0 1700 57 31 0 
400 1 0 1700 60 117 0 
400 1 0 1710 29 31 0 
400 1 0 1710 31 0 200 
400 1 0 1710 54 1 0 
400 1 0 1710 57 60 0 
400 1 0 1710 60 107 0 
400 1 0 1710 64 1 0 
400 1 0 1720 29 43 0 
400 1 0 1720 31 0 200 
400 1 0 1720 57 62 0 
400 1 0 1720 60 95 0 
400 1 0 1730 29 40 0 
400 1 0 1730 65 1 0 
400 1 0 1730 31 0 200 
400 1 0 1730 57 97 0 
400 1 0 1730 60 62 0 
400 1 0 1740 29 42 0 
400 1 0 1740 31 0 200 
400 1 0 1740 57 80 0 
400 1 0 1740 60 78 0 
400 1 0 1750 29 31 0 
400 1 0 1750 31 0 200 
400 1 0 1750 57 91 0 
400 1 0 1750 60 78 0 
400 1 0 1760 29 44 0 
400 1 0 1760 31 0 200 
400 1 0 1760 57 97 0 
400 1 0 1760 60 59 0 
400 1 0 1770 29 34 0 
400 1 0 1770 31 0 200 
400 1 0 1770 57 106 0 
400 1 0 1770 60 60 0 
400 1 0 1780 29 21 0 
400 1 0 1780 31 0 200 
400 1 0 1780 57 168 0 
400 1 0 1780 60 11 0 
400 1 0 1790 29 30 0 
400 1 0 1790 31 0 200 
400 1 0 1790 57 162 0 
400 1 0 1790 60 8 0 
400 1 0 1800 29 22 0 
400 1 0 1800 31 0 200 
400 1 0 1800 57 173 0 
400 1 0 1800 60 5 0 
400 1 0 1810 29 13 0 
400 1 0 1810 31 0 200 
400 1 0 1810 57 187 0 
400 1 0 1820 29 24 0 
400 1 0 1820 31 0 200 
400 1 0 1820 57 176 0 
400 1 0 1830 29 25 0 
400 1 0 1830 31 0 200 
400 1 0 1830 57 175 0 
400 1 0 1840 29 23 0 
400 1 0 1840 31 0 200 
400 1 0 1840 57 166 0 
400 1 0 1840 66 11 0 
400 1 0 1850 29 12 0 
400 1 0 1850 31 0 200 
400 1 0 1850 57 167 0 
400 1 0 1850 66 21 0 
400 1 0.00808333 1860 29 23 0 
400 1 0.00808333 1860 31 16 200 
400 1 0.00808333 1860 57 144 0 
400 1 0.00808333 1860 66 17 0 
400 1 0 1870 29 27 0 
400 1 0 1870 31 14 200 
400 1 0 1870 57 150 0 
400 1 0 1870 66 9 0 
400 1 0 1880 29 40 0 
400 1 0 1880 67 12 0 
400 1 0 1880 31 0 200 
400 1 0 1880 57 142 0 
400 1 0 1880 66 6 0 
400 1 0 1890 29 52 0 
400 1 0 1890 31 0 200 
400 1 0 1890 57 122 0 
400 1 0 1890 66 13 0 
400 1 0 1890 67 13 0 
400 1 0 1900 29 41 0 
400 1 0 1900 31 0 200 
400 1 0 1900 57 130 0 
400 1 0 1900 66 24 0 
400 1 0 1900 67 5 0 
400 1 0.00808333 1910 29 33 6 
400 1 0.00808333 1910 31 5 191 
400 1 0.00808333 1910 57 143 3 
400 1 0.00808333 1910 66 19 0 
400 1 0.00808333 1920 29 34 0 
400 1 0.00808333 1920 68 0 11 
400 1 0.00808333 1920 31 24 183 
400 1 0.00808333 1920 57 119 6 
400 1 0.00808333 1920 66 23 0 
400 1 0.00808333 1930 29 43 0 
400 1 0.00808333 1930 31 10 177 
400 1 0.00808333 1930 69 20 0 
400 1 0.00808333 1930 57 108 0 
400 1 0.00808333 1930 66 19 0 
400 1 0.00808333 1930 68 0 23 
400 1 0.00808333 1940 29 62 0 
400 1 0.00808333 1940 31 4 173 
400 1 0.00808333 1940 70 7 0 
400 1 0.00808333 1940 57 111 0 
400 1 0.00808333 1940 66 6 0 
400 1 0.00808333 1940 68 0 27 
400 1 0.00808333 1940 69 10 0 
400 1 0.00808333 1950 29 86 0 
400 1 0.00808333 1950 31 0 195 
400 1 0.00808333 1950 57 80 0 
400 1 0.00808333 1950 66 5 0 
400 1 0.00808333 1950 68 0 5 
400 1 0.00808333 1950 69 5 0 
400 1 0.00808333 1950 70 24 0 
400 1 0.00808333 1960 29 100 4 
400 1 0.00808333 1960 31 21 196 
400 1 0.00808333 1960 57 51 0 
400 1 0.00808333 1960 70 28 0 
400 1 0 1970 29 77 0 
400 1 0 1970 71 4 0 
400 1 0 1970 72 6 0 
400 1 0 1970 31 0 200 
400 1 0 1970 57 74 0 
400 1 0 1970 70 39 0 
400 1 0 1980 29 71 0 
400 1 0 1980 31 0 200 
400 1 0 1980 57 94 0 
400 1 0 1980 70 28 0 
400 1 0 1980 72 7 0 
400 1 0 1990 29 72 0 
400 1 0 1990 31 0 200 
400 1 0 1990 57 92 0 
400 1 0 1990 70 25 0 
400 1 0 1990 72 11 0 
400 1 0 2000 29 128 0 
400 1 0 2000 31 0 200 
400 1 0 2000 57 60 0 
400 1 0 2000 70 12 0 
